run                                     sent  loss  leak in-pro.p50    in-pro.p99    in-pro.p99_9  in-pro.p99_99 seg①.p50    seg①.p99    seg②.p50    seg②.p99    end-to.p50   
A-1.json                             5643717     0     0           180           360           460           601            50            80           130           300        161083
A-2.json                             5435992     0     0           180           360           460           601            50            80           130           300        243396
A-3.json                             5806932     0     0           180           360           469           601            50            80           130           300        158720
B-1.json                             5212348     0     0           170           469           580           709            50           320           120           280        243396
B-2.json                             5878451     0     0           170           460           570           681            50           320           120           270        159507
B-3.json                             5737976     0     0           170           469           580           700            50           320           120           270        160295

各轮中位数                                                    in-pro.p50    in-pro.p99    in-pro.p99_9  in-pro.p99_99 seg①.p50    seg①.p99    seg②.p50    seg②.p99    end-to.p50   
A（3 轮）                                                             180           360           460           601            50            80           130           300        161083
B（3 轮）                                                             170           469           580           700            50           320           120           270        160295
A − B                                                              +10          -109          -120           -99            +0          -240           +10           +30          +788
