run                                     sent  loss  leak in-pro.mean   in-pro.p50    in-pro.p99    in-pro.p99_9  in-pro.p99_99 seg①.p50    seg①.p99    seg②.p50    seg②.p99    end-to.p50   
A-1.json                             6413589     0     0         186.9           180           330           410           530            50            70           120           270         54941
A-10.json                            6910087     0     0         191.8           180           330           410           530            50            70           130           270         52972
A-2.json                             5876397     0     0         188.9           180           340           429           570            50            70           120           280        160295
A-3.json                             6923237     0     0         183.7           170           320           401           509            50            70           120           270         52972
A-4.json                             6930710     0     0         185.7           180           330           401           521            50            70           120           270         52972
A-5.json                             6912863     0     0         183.5           180           320           401           521            50            70           120           270         52972
A-6.json                             6918104     0     0         183.7           180           320           401           509            50            70           120           260         52972
A-7.json                             6917212     0     0         184.6           180           320           401           521            50            70           120           270         52972
A-8.json                             6877838     0     0         186.4           180           320           401           509            50            70           120           270         52972
A-9.json                             6939116     0     0         183.4           180           320           390           509            50            70           120           260         52972
B-1.json                             6904823     0     0         181.2           170           420           530           650            50           310           110           260         52972
B-10.json                            6909185     0     0         178.9           170           420           530           641            50           310           110           260         52972
B-2.json                             6916172     0     0         179.9           170           420           530           629            50           310           110           260         52972
B-3.json                             6929156     0     0         178.7           170           420           530           641            50           300           110           260         52972
B-4.json                             6880939     0     0         181.0           170           429           530           641            50           310           110           260         52972
B-5.json                             6927260     0     0         178.8           170           420           530           641            50           310           110           250         52972
B-6.json                             6599983     0     0         181.9           170           429           549           700            50           310           110           260         53760
B-7.json                             6930305     0     0         179.0           170           420           530           641            50           300           110           260         52972
B-8.json                             6833862     0     0         179.9           170           420           530           641            50           310           110           260         52972
B-9.json                             6924335     0     0         179.3           170           420           530           629            50           300           110           260         52972

各轮中位数                                                    in-pro.mean   in-pro.p50    in-pro.p99    in-pro.p99_9  in-pro.p99_99 seg①.p50    seg①.p99    seg②.p50    seg②.p99    end-to.p50   
A（10 轮）                                                            185           180           320           401           521            50            70           120           270         52972
B（10 轮）                                                            180           170           420           530           641            50           310           110           260         52972
A − B                                                               +6           +10          -100          -129          -120            +0          -240           +10           +10            +0
