run                                     sent  loss  leak in-pro.mean   in-pro.p50    in-pro.p99    in-pro.p99_9  in-pro.p99_99 seg①.p50    seg①.p99    seg②.p50    seg②.p99    end-to.p50   
A-1.json                             5781003     0     0         186.3           180           330           420           540            50            70           120           280        160295
A-10.json                            5925601     0     0         184.3           170           330           410           530            50            70           120           270        159507
A-2.json                             5299663     0     0         187.3           180           330           420           549            50            70           120           280        229218
A-3.json                             5940231     0     0         188.0           180           330           410           530            50            70           120           270        159507
A-4.json                             5847560     0     0         185.5           180           330           420           540            50            70           120           270        160295
A-5.json                             5899939     0     0         185.4           180           330           420           530            50            70           120           270        159507
A-6.json                             5933594     0     0         186.1           180           330           410           540            50            70           120           270        159507
A-7.json                             5891660     0     0         185.6           180           330           410           530            50            70           120           270        159507
A-8.json                             5906861     0     0         187.5           180           330           420           540            50            70           120           280        159507
A-9.json                             5901359     0     0         186.4           180           330           420           540            50            70           120           280        159507
B-1.json                             5841564     0     0         186.9           170           450           561           669            50           310           110           260        160295
B-10.json                            5840410     0     0         184.2           160           441           549           650            50           310           110           260        160295
B-2.json                             5989692     0     0         196.4           170           450           561           681            50           310           110           260        158720
B-3.json                             5837593     0     0         185.2           160           450           561           660            50           310           110           260        160295
B-4.json                             5824761     0     0         185.0           170           441           549           650            50           310           110           260        160295
B-5.json                             5888019     0     0         185.4           160           441           561           669            50           310           110           260        159507
B-6.json                             5815372     0     0         188.9           170           460           561           681            50           320           110           260        160295
B-7.json                             5792879     0     0         198.9           170           460           561           669            50           310           110           260        160295
B-8.json                             5813979     0     0         186.4           160           450           561           669            50           310           110           260        160295
B-9.json                             5909639     0     0         186.0           160           450           561           660            50           310           110           260        159507

各轮中位数                                                    in-pro.mean   in-pro.p50    in-pro.p99    in-pro.p99_9  in-pro.p99_99 seg①.p50    seg①.p99    seg②.p50    seg②.p99    end-to.p50   
A（10 轮）                                                            186           180           330           420           540            50            70           120           270        159507
B（10 轮）                                                            186           165           450           561           669            50           310           110           260        160295
A − B                                                               -0           +15          -120          -141          -129            +0          -240           +10           +10          -788
