run                                     sent  loss  leak in-pro.p50    in-pro.p99    in-pro.p99_9  in-pro.p99_99 seg①.p50    seg①.p99    seg②.p50    seg②.p99    end-to.p50   
A-1.json                             5675636     0     0           180           350           450           610            50            70           120           290        168172
A-2.json                             5250839     0     0           180           350           450           589            50            70           120           290        244972
A-3.json                             5265109     0     0           180           360           460           589            50            70           130           300        246547
B-1.json                             5279540     0     0           180           509           601           740            50           320           110           270        235520
B-2.json                             5842263     0     0           180           521           610           740            50           320           110           270        160295
B-3.json                             5481275     0     0           180           521           610           749            50           320           110           270        164233

各轮中位数                                                    in-pro.p50    in-pro.p99    in-pro.p99_9  in-pro.p99_99 seg①.p50    seg①.p99    seg②.p50    seg②.p99    end-to.p50   
A（3 轮）                                                             180           350           450           589            50            70           120           290        244972
B（3 轮）                                                             180           521           610           740            50           320           110           270        164233
A − B                                                               +0          -171          -160          -151            +0          -250           +10           +20        +80739
