run                                     sent  loss  leak in-pro.mean   in-pro.p50    in-pro.p99    in-pro.p99_9  in-pro.p99_99 seg①.p50    seg①.p99    seg②.p50    seg②.p99    end-to.p50   
A-1.json                             5956978     0     0         197.6           190           350           450           570            50            70           130           290        158720
A-10.json                            5843655     0     0         186.1           180           330           410           530            50            70           120           270        160295
A-2.json                             5183545     0     0         202.4           190           360           450           580            50            70           140           300        240246
A-3.json                             5233975     0     0         201.7           190           360           450           601            50            70           140           300        244972
A-4.json                             5583258     0     0         208.3           200           370           469           620            50            70           140           310        164233
A-5.json                             5257197     0     0         200.0           190           350           460           601            50            70           140           300        246547
A-6.json                             5236554    64     0         196.9           190           350           450          1704            50            80           130           290        246547
A-7.json                             5690257     0     0         186.7           180           330           420           540            50            80           120           280        161083
A-8.json                             5902193     0     0         187.4           180           330           420           549            50            70           120           280        159507
A-9.json                             5836094     0     0         186.8           180           330           410           530            50            70           120           280        160295
B-1.json                             5304775     0     0         203.5           180           490           589           730            50           320           120           290        229218
B-10.json                            5956307     0     0         196.6           170           450           561           669            50           310           110           260        159507
B-2.json                             5148849     0     0         222.3           190           521           629           840            50           350           130           300        246547
B-3.json                             5242927     0     0         205.4           180           481           589           721            50           320           120           280        244972
B-4.json                             5902753     0     0         199.5           180           469           580           721            50           320           120           280        159507
B-5.json                             5697738     0     0         209.2           180           481           580           721            50           320           120           280        161083
B-6.json                             5181106     0     0         214.8           180           490           589           740            50           320           120           270        244972
B-7.json                             5944485     0     0         186.0           160           450           561           660            50           310           110           260        159507
B-8.json                             5854480     0     0         197.7           170           460           570           690            50           310           110           270        160295
B-9.json                             5862325     0     0         186.7           170           450           561           681            50           320           110           260        160295

各轮中位数                                                    in-pro.mean   in-pro.p50    in-pro.p99    in-pro.p99_9  in-pro.p99_99 seg①.p50    seg①.p99    seg②.p50    seg②.p99    end-to.p50   
A（10 轮）                                                            197           190           350           450           575            50            70           130           290        162658
B（10 轮）                                                            201           180           475           580           721            50           320           120           275        160689
A − B                                                               -4           +10          -125          -130          -146            +0          -250           +10           +15         +1969
