run                                     sent  loss  leak in-pro.mean   in-pro.p50    in-pro.p99    in-pro.p99_9  in-pro.p99_99 seg①.p50    seg①.p99    seg②.p50    seg②.p99    end-to.p50   
A-1.json                             5813887     0     0         192.1           180           340           429           561            50            80           130           280        160295
A-10.json                            5927972     0     0         192.4           180           340           441           561            50            70           130           290        159507
A-2.json                             5814717     0     0         195.2           190           350           450           589            50            70           130           290        160295
A-3.json                             5871286     0     0         190.7           180           340           429           580            50            70           130           280        160295
A-4.json                             5578544     0     0         190.8           180           340           429           549            50            70           130           280        165021
A-5.json                             5784781     0     0         193.0           180           340           441           580            50            70           130           290        160295
A-6.json                             5821351     0     0         195.2           190           350           441           570            50            70           130           290        160295
A-7.json                             5816474     0     0         193.6           180           340           429           561            50            70           130           280        160295
A-8.json                             5901029     0     0         191.4           180           340           429           570            50            70           130           280        159507
A-9.json                             5865015     0     0         191.1           180           340           429           549            50            70           130           280        160295
B-1.json                             5817524     0     0         203.5           170           460           570           700            50           310           120           270        160295
B-10.json                            5812971     0     0         190.9           170           450           561           681            50           310           120           270        159507
B-2.json                             5556909     0     0         193.4           170           450           561           681            50           310           120           270        163446
B-3.json                             5813896     0     0         191.8           170           460           570           681            50           310           110           270        160295
B-4.json                             5294421     0     0         191.3           170           450           561           681            50           310           120           270        229218
B-5.json                             5728275     0     0         193.3           170           450           561           690            50           310           120           270        160295
B-6.json                             5270459     0     0         194.5           170           450           561           681            50           310           120           270        229218
B-7.json                             5824866     0     0         188.6           170           441           549           669            50           310           120           270        160295
B-8.json                             5815047     0     0         192.6           170           450           570           690            50           310           120           270        160295
B-9.json                             5825817     0     0         202.0           170           450           561           681            50           310           120           270        160295

各轮中位数                                                    in-pro.mean   in-pro.p50    in-pro.p99    in-pro.p99_9  in-pro.p99_99 seg①.p50    seg①.p99    seg②.p50    seg②.p99    end-to.p50   
A（10 轮）                                                            192           180           340           429           566            50            70           130           280        160295
B（10 轮）                                                            193           170           450           561           681            50           310           120           270        160295
A − B                                                               -1           +10          -110          -132          -116            +0          -240           +10           +10            +0
