run                                     sent  loss  leak in-pro.mean   in-pro.p50    in-pro.p99    in-pro.p99_9  in-pro.p99_99 seg①.p50    seg①.p99    seg②.p50    seg②.p99    end-to.p50   
A-1.json                             5595248     0     0         218.5           200           521           709           920            50           160           140           450        232369
A-10.json                            5285864     0     0         221.5           200           530           721           907            50           160           140           469        244972
A-2.json                             5786476     0     0         222.1           200           540           721           920            50           160           140           481        160295
A-3.json                             5247009     0     0         215.4           190           490           690           901            50           160           140           429        243396
A-4.json                             5951455     0     0         222.7           200           540           709           907            50           160           140           481        159507
A-5.json                             5837847     0     0         229.5           200           570           770           950            50           170           140           509        160295
A-6.json                             5813720     0     0         238.3           200           610           809          1012            50           170           150           540        160295
A-7.json                             5218694     0     0         219.3           200           481           681           932            50           160           140           420        248123
A-8.json                             5814949     0     0         231.6           200           580           761           963            50           170           140           509        160295
A-9.json                             5135545     0     0         215.9           200           481           690           901            50           160           140           410        248123
B-1.json                             5434910     0     0         204.4           180           481           580           709            50           320           120           280        244972
B-10.json                            5855329     0     0         206.6           180           469           570           700            50           320           120           280        160295
B-2.json                             5150665     0     0         218.8           180           500           601           730            50           320           120           280        248123
B-3.json                             5450505     0     0         199.5           180           469           580           709            50           320           120           280        229218
B-4.json                             5374792     0     0         203.8           180           481           580           709            50           320           120           280        244972
B-5.json                             5531003     0     0         216.2           180           490           601           721            50           320           120           280        243396
B-6.json                             5641323     0     0         203.5           180           481           580           700            50           320           120           280        238670
B-7.json                             5380541     0     0         199.6           180           481           589           721            50           320           120           280        229218
B-8.json                             5633839     0     0         199.1           180           469           580           700            50           320           120           280        161083
B-9.json                             5834031     0     0         217.1           190           500           610           761            50           340           130           290        160295

各轮中位数                                                    in-pro.mean   in-pro.p50    in-pro.p99    in-pro.p99_9  in-pro.p99_99 seg①.p50    seg①.p99    seg②.p50    seg②.p99    end-to.p50   
A（10 轮）                                                            222           200           535           715           920            50           160           140           475        196332
B（10 轮）                                                            204           180           481           580           709            50           320           120           280        233944
A − B                                                              +18           +20           +54          +135          +211            +0          -160           +20          +195        -37612
