run                                     sent  loss  leak in-pro.mean   in-pro.p50    in-pro.p99    in-pro.p99_9  in-pro.p99_99 seg①.p50    seg①.p99    seg②.p50    seg②.p99    end-to.p50   
A-1.json                             6345324     0     0         190.4           180           330           410           530            50            70           130           270         57698
A-10.json                            6721236     0     0         184.4           180           320           401           521            50            70           120           270         53366
A-2.json                             6929209     0     0         183.7           180           320           390           509            50            70           120           260         52972
A-3.json                             6908355     0     0         182.9           170           320           390           500            50            70           120           260         52972
A-4.json                             6676459     0     0         185.8           180           320           401           521            50            70           120           270         53366
A-5.json                             6865995     0     0         181.3           170           320           390           509            50            70           120           260         52972
A-6.json                             6883272     0     0         185.5           180           330           410           540            50            70           120           270         52972
A-7.json                             6934241     0     0         184.4           180           320           401           509            50            70           120           270         52972
A-8.json                             6897994     0     0         183.0           180           320           390           521            50            70           120           260         52972
A-9.json                             6859770     0     0         188.7           180           320           401           509            50            70           130           270         52972
B-1.json                             6910694     0     0         178.3           160           420           530           641            50           310           110           250         52972
B-10.json                            6926130     0     0         178.0           160           420           521           620            50           300           110           250         52972
B-2.json                             6919759     0     0         178.7           170           420           530           629            50           300           110           250         52972
B-3.json                             6919347     0     0         178.8           170           420           530           641            50           310           110           260         52972
B-4.json                             6081027     0     0         185.9           170           441           549           660            50           310           110           260        159507
B-5.json                             6899737     0     0         179.3           170           420           530           629            50           300           110           250         52972
B-6.json                             6840634     0     0         179.7           170           420           530           629            50           310           110           260         52972
B-7.json                             6217258     0     0         184.0           170           441           549           669            50           310           110           260        157932
B-8.json                             6409487     0     0         182.7           170           429           540           660            50           310           110           260         54941
B-9.json                             6783797     0     0         180.2           170           429           540           641            50           310           110           260         52972

各轮中位数                                                    in-pro.mean   in-pro.p50    in-pro.p99    in-pro.p99_9  in-pro.p99_99 seg①.p50    seg①.p99    seg②.p50    seg②.p99    end-to.p50   
A（10 轮）                                                            184           180           320           401           515            50            70           120           270         52972
B（10 轮）                                                            179           170           420           530           641            50           310           110           260         52972
A − B                                                               +5           +10          -100          -129          -126            +0          -240           +10           +10            +0
