run                                     sent  loss  leak in-pro.p50    in-pro.p99    in-pro.p99_9  in-pro.p99_99 seg①.p50    seg①.p99    seg②.p50    seg②.p99    end-to.p50   
A-1.json                             2916297     0     0           180           350           460           610            50            70           130           300        160295
A-2.json                             2908421     0     0           180           360           469           610            50           160           130           300        160295
A-3.json                             2667560     0     0           180           350           450           601            50            70           130           290        240246
B-1.json                             2618026     0     0           180           530           620           770            50           330           120           270        246547
B-2.json                             2962250     0     0           180           521           620           780            50           330           120           270        159507
B-3.json                             2618259     0     0           180           521           610           761            50           330           110           270        244972

各轮中位数                                                    in-pro.p50    in-pro.p99    in-pro.p99_9  in-pro.p99_99 seg①.p50    seg①.p99    seg②.p50    seg②.p99    end-to.p50   
A（3 轮）                                                             180           350           460           610            50            70           130           300        160295
B（3 轮）                                                             180           521           620           770            50           330           120           270        244972
A − B                                                               +0          -171          -160          -160            +0          -260           +10           +30        -84677
