run                                     sent  loss  leak in-pro.mean   in-pro.p50    in-pro.p99    in-pro.p99_9  in-pro.p99_99 seg①.p50    seg①.p99    seg②.p50    seg②.p99    end-to.p50   
A-1.json                             6927645     0     0         187.8           180           320           390           509            60            80           120           260         52972
A-10.json                            6924443     0     0         186.3           180           320           390           500            60            80           120           260         52972
A-2.json                             6922294     0     0         190.3           180           320           390           509            60            80           120           260         52972
A-3.json                             6622241     0     0         190.4           180           330           401           509            60            80           120           270         53760
A-4.json                             6932014     0     0         185.6           180           320           390           509            60            80           120           260         52972
A-5.json                             6929688     0     0         187.0           180           320           401           521            60            80           120           260         52972
A-6.json                             6798148     0     0         186.8           180           330           410           540            60            80           120           270         52972
A-7.json                             6799511     0     0         187.5           180           330           401           521            60            80           120           270         52972
A-8.json                             6354556     0     0         187.8           180           330           410           530            60            80           120           270         56516
A-9.json                             6898403     0     0         186.2           180           320           390           509            60            80           120           260         52972
B-1.json                             6932101     0     0         176.5           160           420           521           620            50           300           110           250         52972
B-10.json                            6449467     0     0         180.4           160           429           540           660            50           310           110           250         54547
B-2.json                             6939847     0     0         177.1           160           420           521           629            50           300           110           250         52972
B-3.json                             6917926     0     0         176.6           160           420           521           629            50           310           110           250         52972
B-4.json                             6877773     0     0         176.7           160           420           530           629            50           310           110           250         52972
B-5.json                             6829644     0     0         177.2           160           420           530           629            50           300           110           250         52972
B-6.json                             6924794     0     0         176.2           160           420           521           629            50           310           110           250         52972
B-7.json                             6859305     0     0         177.7           160           420           521           641            50           300           110           250         52972
B-8.json                             6384284     0     0         181.0           160           429           540           669            50           310           110           260         55729
B-9.json                             6860573     0     0         177.5           160           420           530           629            50           310           110           250         52972

各轮中位数                                                    in-pro.mean   in-pro.p50    in-pro.p99    in-pro.p99_9  in-pro.p99_99 seg①.p50    seg①.p99    seg②.p50    seg②.p99    end-to.p50   
A（10 轮）                                                            187           180           320           396           509            60            80           120           260         52972
B（10 轮）                                                            177           160           420           526           629            50           310           110           250         52972
A − B                                                              +10           +20          -100          -130          -120           +10          -230           +10           +10            +0
