run                                     sent  loss  leak in-pro.mean   in-pro.p50    in-pro.p99    in-pro.p99_9  in-pro.p99_99 seg①.p50    seg①.p99    seg②.p50    seg②.p99    end-to.p50   
A-1.json                             5813740     0     0         200.3           190           360           469           610            50            70           130           310        160295
A-10.json                            5796457     0     0         198.4           190           360           460           601            50            70           130           300        162658
A-2.json                             5232940     0     0         202.6           190           370           481           620            50            70           130           310        244972
A-3.json                             5259459     0     0         201.8           190           360           469           610            50            70           130           310        233944
A-4.json                             5538981     0     0         207.3           190           370           481           681            50            70           140           310        165021
A-5.json                             5370302     0     0         216.7           200           390           500           709            50            70           150           330        243396
A-6.json                             5447131     0     0         204.1           190           370           481           629            50            80           140           310        241821
A-7.json                             5867195     0     0         218.0           200           390           500           987            50            80           150           330        159507
A-8.json                             5464119     0     0         200.1           190           360           460           601            50            70           130           300        227643
A-9.json                             5428639     0     0         203.0           190           370           481           629            50            80           130           310        244972
B-1.json                             5236619     0     0         205.6           180           481           589           709            50           320           120           280        244972
B-10.json                            5325293     0     0         195.9           180           450           561           681            50           320           120           280        229218
B-2.json                             6073750     0     0         203.9           180           469           570           709            50           320           120           270        108307
B-3.json                             5847580     0     0         200.4           180           481           589           721            50           320           120           280        160295
B-4.json                             5824452     0     0         210.9           180           481           589           721            50           320           120           280        160295
B-5.json                             5333799     0     0         205.1           180           469           580           709            50           320           120           280        229218
B-6.json                             5275963     0     0         203.6           180           481           580           709            50           320           120           280        246547
B-7.json                             5588015     0     0         216.1           190           521           629           761            50           330           130           310        162658
B-8.json                             5840525     0     0         196.5           180           469           580           700            50           320           120           280        160295
B-9.json                             5504869     0     0         216.7           180           490           589           730            50           320           120           280        243396

各轮中位数                                                    in-pro.mean   in-pro.p50    in-pro.p99    in-pro.p99_9  in-pro.p99_99 seg①.p50    seg①.p99    seg②.p50    seg②.p99    end-to.p50   
A（10 轮）                                                            203           190           370           481           624            50            70           130           310        230794
B（10 轮）                                                            204           180           481           584           709            50           320           120           280        195938
A − B                                                               -2           +10          -111          -104           -84            +0          -250           +10           +30        +34856
