run                                     sent  loss  leak in-pro.p50    in-pro.p99    in-pro.p99_9  in-pro.p99_99 seg①.p50    seg①.p99    seg②.p50    seg②.p99    end-to.p50   
A-1.json                             2939254     0     0           180           370           490           629            50           160           130           310        112246
A-2.json                             2675808     0     0           180           370           490           681            50           150           130           310        244972
A-3.json                             2901245     0     0           180           370           481           650            50           150           130           310        160295
B-1.json                             2998081     0     0           170           460           580           709            50           320           110           280        158720
B-2.json                             2671598     0     0           170           469           580           709            50           320           120           270        244972
B-3.json                             2811387     0     0           170           460           570           690            50           320           120           270        170535

各轮中位数                                                    in-pro.p50    in-pro.p99    in-pro.p99_9  in-pro.p99_99 seg①.p50    seg①.p99    seg②.p50    seg②.p99    end-to.p50   
A（3 轮）                                                             180           370           490           650            50           150           130           310        160295
B（3 轮）                                                             170           460           580           709            50           320           120           270        170535
A − B                                                              +10           -90           -90           -59            +0          -170           +10           +40        -10240
